[0]：:[[39, 17]]
[0, 0]：:[[1857, 114, 607]]
[0, 63, 69]：:[[189, 12, 27, 12]]
[1]：:[[59, 27]]
[1, 4]：:[[24, 21, 0]]
[1, 251, 0]：:[[675, 58, 117, 58]]
[2]：:[[152, 27]]
[2, 253]：:[[3, 2, 0]]
[2, 252, 252]：:[[4289, 4067, 7136, 4067]]
[3]：:[[39, 62]]
[3, 0]：:[[22, 521, 931]]
[3, 3, 254]：:[[13, 427, 13, 8]]
[4]：:[[0, 7]]
[4, 252]：:[[120, 0, 134]]
[4, 5, 1]：:[[444, 0, 25, 4]]
[5]：:[[2, 447]]
[5, 2]：:[[1, 241, 1]]
[5, 255, 256]：:[[10, 1, 18, 1]]
[6]：:[[9, 1054]]
[6, 270]：:[[48, 160, 48]]
[6, 174, 251]：:[[6, 5, 6, 859]]
[7]：:[[25, 27]]
[7, 253]：:[[1, 50, 1769]]
[8]：:[[210, 24]]
[8, 381]：:[[528, 1, 3]]
[8, 259, 254]：:[[142, 662, 142, 2040]]
[9]：:[[15, 209]]
[9, 24]：:[[237, 914, 15]]
[9, 50, 290]：:[[2199, 114, 3318, 114]]
[10]：:[[134, 54]]
[10, 7]：:[[1, 222, 1]]
[10, 252, 396]：:[[3274, 92, 1304, 92]]
[11]：:[[7, 3]]
[11, 255]：:[[20, 2, 20]]
[11, 253, 2]：:[[9, 92, 289, 1425]]
[12]：:[[548, 295]]
[12, 251]：:[[35, 61, 128]]
[12, 264, 262]：:[[225, 26, 11, 20]]
[13]：:[[10, 1]]
[13, 8]：:[[39, 376, 39]]
[13, 255, 4]：:[[26, 11, 690, 0]]
[14]：:[[2, 7]]
[14, 252]：:[[20, 11, 26]]
[14, 45, 5]：:[[3, 2, 10, 274]]
[15]：:[[36, 16]]
[15, 16]：:[[116, 299, 554]]
[15, 260, 75]：:[[51, 159, 51, 2153]]
[16]：:[[149, 15]]
[16, 9]：:[[149, 15, 225]]
[16, 267, 30]：:[[1558, 41, 2381, 705]]
[17]：:[[37, 3686]]
[17, 24]：:[[4269, 388, 266]]
[17, 300, 6]：:[[424, 278, 1436, 278]]
[18]：:[[698, 869]]
[18, 6]：:[[36, 16, 34]]
[18, 8, 274]：:[[1763, 352, 505, 2586]]
[19]：:[[63, 49]]
[19, 303]：:[[480, 285, 9]]
[19, 1, 252]：:[[149, 15, 237, 1478]]
[20]：:[[122, 150]]
[20, 257]：:[[5972, 259, 0]]
[20, 253, 2]：:[[428, 2149, 303, 428]]
[21]：:[[2, 61]]
[21, 260]：:[[21, 233, 1401]]
[21, 7, 38]：:[[212, 1, 513, 70]]
[22]：:[[17, 90]]
[22, 262]：:[[108, 56, 10]]
[22, 1, 1]：:[[21, 65, 504, 65]]
[23]：:[[668, 37]]
[23, 257]：:[[6, 5, 6]]
[23, 87, 412]：:[[201, 173, 183, 173]]
[24]：:[[39, 1627]]
[24, 260]：:[[27, 1799, 934]]
[24, 0, 251]：:[[5525, 51, 87, 38]]
[25]：:[[15, 631]]
[25, 258]：:[[12, 41, 9]]
[25, 251, 0]：:[[241, 535, 193, 535]]
[26]：:[[94, 74]]
[26, 380]：:[[8, 13, 8]]
[26, 2, 253]：:[[213, 3, 2, 0]]
[27]：:[[23, 154]]
[27, 265]：:[[9, 62, 46]]
[27, 14, 254]：:[[32, 0, 3, 0]]
[28]：:[[92, 17]]
[28, 2]：:[[775, 4, 22]]
[28, 0, 322]：:[[2, 0, 2, 64]]
[29]：:[[6, 5]]
[29, 269]：:[[6, 5, 6]]
[29, 3, 254]：:[[2963, 122, 2963, 485]]
[30]：:[[1217, 663]]
[30, 281]：:[[199, 287, 199]]
[30, 267, 16]：:[[787, 8, 181, 13]]
[31]：:[[6, 3]]
[31, 259]：:[[6, 68, 78]]
[31, 255, 4]：:[[2, 0, 33, 0]]
[32]：:[[52, 8]]
[32, 1]：:[[80, 24, 21]]
[32, 257, 251]：:[[6, 5, 43, 524]]
[33]：:[[233, 2]]
[33, 259]：:[[88, 23, 445]]
[33, 15, 267]：:[[31, 132, 651, 886]]
[34]：:[[0, 2]]
[34, 251]：:[[82, 177, 82]]
[34, 27, 251]：:[[1, 21, 1, 21]]
[35]：:[[3030, 571]]
[35, 0]：:[[100, 37, 47]]
[35, 44, 35]：:[[908, 139, 908, 139]]
[36]：:[[7, 15]]
[36, 282]：:[[309, 8158, 944]]
[36, 251, 2]：:[[0, 2, 279, 7]]
[37]：:[[15, 100]]
[37, 321]：:[[919, 49, 466]]
[37, 31, 254]：:[[96, 250, 96, 319]]
[38]：:[[454, 831]]
[38, 257]：:[[7, 15, 7]]
[39]：:[[12, 898]]
[39, 290]：:[[93, 816, 93]]
[39, 290, 258]：:[[560, 2606, 560, 229]]
[40]：:[[217, 0]]
[40, 1]：:[[95, 180, 95]]
[40, 261, 262]：:[[2897, 7, 2, 0]]
[41]：:[[194, 57]]
[41, 22]：:[[198, 499, 90]]
[41, 292, 255]：:[[1, 10, 1, 473]]
[42]：:[[136, 1]]
[42, 255]：:[[14, 1, 18]]
[42, 251, 25]：:[[14, 1, 699, 463]]
[43]：:[[38, 1056]]
[43, 21]：:[[30, 358, 30]]
[43, 251, 259]：:[[57, 324, 153, 57]]
[44]：:[[73, 407]]
[44, 257]：:[[274, 246, 274]]
[44, 26, 6]：:[[73, 407, 73, 178]]
[45]：:[[2, 10]]
[45, 265]：:[[336, 20, 0]]
[45, 255, 256]：:[[123, 22, 3007, 22]]
[46]：:[[209, 15]]
[46, 302]：:[[105, 716, 105]]
[46, 15, 3]：:[[16, 36, 16, 200]]
[47]：:[[2, 104]]
[47, 290]：:[[876, 185, 10]]
[47, 251, 24]：:[[2, 10, 39, 1]]
[48]：:[[105, 33]]
[48, 10]：:[[0, 2, 0]]
[48, 253, 7]：:[[16, 0, 7964, 0]]
[49]：:[[43, 5]]
[49, 254]：:[[6, 5, 43]]
[49, 254, 9]：:[[43, 5, 6, 5]]
[50]：:[[0, 2]]
[50, 14]：:[[20, 11, 26]]
[50, 13, 13]：:[[7, 20, 7, 20]]
[51]：:[[6, 5]]
[51, 8]：:[[17, 131, 1]]
[51, 255, 256]：:[[2026, 1, 1615, 1]]
[52]：:[[357, 18]]
[52, 270]：:[[9, 285, 480]]
[52, 257, 0]：:[[2481, 871, 3079, 871]]
[53]：:[[17, 19]]
[53, 1]：:[[17, 19, 39]]
[53, 253, 1]：:[[75, 4, 21, 437]]
[54]：:[[12, 27]]
[54, 268]：:[[271, 8, 453]]
[54, 3, 54]：:[[5, 6, 5, 6]]
[55]：:[[30, 286]]
[55, 25]：:[[332, 195, 2844]]
[55, 298, 7]：:[[2, 66, 125, 66]]
[56]：:[[23, 421]]
[56, 14]：:[[12, 46, 62]]
[56, 315, 18]：:[[6, 5, 6, 68]]
[57]：:[[107, 308]]
[57, 257]：:[[433, 1399, 433]]
[57, 7, 9]：:[[6, 5, 4, 3]]
[58]：:[[76, 8]]
[58, 254]：:[[892, 30, 1790]]
[58, 112, 257]：:[[34, 36, 34, 16]]
[59]：:[[103, 7]]
[59, 282, 17]：:[[833, 29, 2, 418]]
[60]：:[[1359, 0]]
[60, 261]：:[[442, 108, 40]]
[60, 7, 258]：:[[42, 169, 120, 23]]
[61]：:[[7, 292]]
[61, 312]：:[[33, 26, 33]]
[61, 265, 13]：:[[2, 11, 26, 11]]
[62]：:[[69, 382]]
[62, 252]：:[[105, 25, 105]]
[62, 2, 253]：:[[7, 40, 3, 22]]
[63]：:[[12, 0]]
[63, 253]：:[[12, 0, 168]]
[63, 15, 270]：:[[12, 27, 12, 62]]
[64]：:[[119, 48]]
[64, 12]：:[[8, 59, 8]]
[64, 9, 15]：:[[384, 73, 2053, 199]]
[65]：:[[6, 68]]
[65, 269]：:[[6, 68, 6]]
[65, 257, 15]：:[[63, 49, 63, 49]]
[66]：:[[9, 0]]
[66, 259]：:[[3000, 1, 0]]
[66, 40, 251]：:[[58, 1281, 58, 86]]
[67]：:[[1689, 1]]
[67, 254]：:[[11, 26, 11]]
[68]：:[[5, 6]]
[68, 2]：:[[12, 50, 40]]
[68, 271, 254]：:[[1, 14, 62, 14]]
[69]：:[[27, 12]]
[69, 251]：:[[31, 12, 41]]
[69, 251, 0]：:[[27, 12, 39, 1]]
[70]：:[[1705, 2258]]
[70, 252]：:[[4, 10, 29]]
[70, 253, 0]：:[[64, 33, 105, 2]]
[71]：:[[194, 57]]
[71, 254]：:[[37, 15, 757]]
[71, 20, 111]：:[[57, 1, 4, 1]]
[72]：:[[37, 15]]
[72, 255]：:[[20, 7, 80]]
[72, 264, 11]：:[[495, 180, 1, 0]]
[73]：:[[94, 144]]
[73, 2]：:[[1863, 118, 0]]
[73, 259, 0]：:[[592, 166, 1946, 35]]
[74]：:[[14, 1]]
[74, 251]：:[[8, 13, 52]]
[74, 1, 253]：:[[14, 1, 0, 254]]
[75]：:[[4, 10]]
[75, 272]：:[[30, 50, 0]]
[75, 251, 273]：:[[2, 10, 18, 35]]
[76]：:[[3, 2]]
[76, 1]：:[[3, 2, 3]]
[77]：:[[640, 231]]
[77, 253]：:[[20, 26, 0]]
[77, 268, 4]：:[[2, 60, 77, 60]]
[78]：:[[15, 723]]
[78, 30]：:[[45, 320, 423]]
[78, 265, 289]：:[[51, 516, 38, 135]]
[79]：:[[3832, 2348]]
[79, 25]：:[[8, 72, 980]]
[79, 15, 266]：:[[1162, 433, 1681, 433]]
[80]：:[[12, 46]]
[80, 331]：:[[3, 3546, 3]]
[80, 81, 257]：:[[2, 12, 46, 157]]
[81]：:[[12, 41]]
[81, 266]：:[[12, 41, 12]]
[81, 251, 25]：:[[1784, 10, 53, 187]]
[82]：:[[189, 12]]
[82, 11]：:[[103, 7, 2]]
[82, 258, 1]：:[[9, 198, 9, 14]]
[83]：:[[1444, 178]]
[83, 257]：:[[812, 161, 165]]
[83, 257, 255]：:[[36, 34, 16, 65]]
[84]：:[[372, 5103]]
[84, 269]：:[[123, 22, 123]]
[84, 269, 6]：:[[783, 238, 783, 1398]]
[85]：:[[224, 29]]
[85, 318]：:[[60, 10, 2]]
[85, 57, 57]：:[[4, 12, 2118, 12]]
[86]：:[[1352, 61]]
[86, 251]：:[[188, 243, 1989]]
[86, 1, 1]：:[[525, 82, 348, 82]]
[87]：:[[6, 5]]
[87, 298]：:[[56, 185, 50]]
[87, 263, 254]：:[[13, 8, 13, 830]]
[88]：:[[260, 440]]
[88, 0]：:[[132, 152, 3837]]
[88, 254, 263]：:[[785, 641, 30, 293]]
[89]：:[[119, 219]]
[89, 252]：:[[119, 479, 309]]
[89, 267, 266]：:[[119, 165, 1336, 165]]
[90]：:[[7, 20]]
[90, 279]：:[[1, 80, 35]]
[90, 258, 7]：:[[2, 7, 1835, 7]]
[91]：:[[436, 2434]]
[91, 268]：:[[29, 70, 141]]
[92]：:[[36, 16]]
[92, 5]：:[[36, 16, 28]]
[92, 254, 261]：:[[129, 3, 67, 0]]
[93]：:[[683, 13]]
[93, 261]：:[[329, 4, 10]]
[93, 278, 15]：:[[14, 46, 367, 41]]
[94]：:[[31, 95]]
[94, 264]：:[[137, 7, 26]]
[94, 8, 266]：:[[132, 66, 12, 41]]
[95]：:[[2555, 5693]]
[95, 3]：:[[16, 59, 8]]
[95, 253, 252]：:[[3394, 641, 39, 35]]
[96]：:[[300, 2]]
[96, 6]：:[[4, 272, 206]]
[96, 17, 258]：:[[408, 272, 185, 876]]
[97]：:[[100, 7]]
[97, 265]：:[[46, 12, 0]]
[97, 274, 59]：:[[100, 37, 15, 7]]
[98]：:[[54, 0]]
[98, 98]：:[[214, 1062, 214]]
[98, 252, 8]：:[[3, 0, 2, 1458]]
[99]：:[[0, 337]]
[99, 281]：:[[1, 305, 480]]
[99, 252, 252]：:[[1, 14, 167, 14]]
[100]：:[[0, 2]]
[100, 263]：:[[52, 13, 52]]
[100, 269, 17]：:[[6, 5, 6, 5]]
[101]：:[[1093, 9]]
[101, 5]：:[[1717, 29, 77]]
[101, 253, 265]：:[[704, 7, 15, 7]]
[102]：:[[50, 62]]
[102, 2]：:[[200, 750, 16]]
[102, 14, 253]：:[[18, 0, 2, 270]]
[103]：:[[1, 10]]
[103, 15]：:[[139, 674, 139]]
[103, 291, 45]：:[[1, 10, 39, 10]]
[104]：:[[121, 266]]
[104, 253]：:[[2065, 42, 9141]]
[104, 292, 252]：:[[1135, 307, 4050, 2580]]
[105]：:[[48, 552]]
[105, 267]：:[[194, 57, 194]]
[105, 284, 266]：:[[139, 674, 139, 674]]
[106]：:[[352, 253]]
[106, 251]：:[[70, 14, 5458]]
[106, 252, 255]：:[[158, 3, 0, 1838]]
[107]：:[[353, 116]]
[107, 336]：:[[413, 10, 2310]]
[107, 258, 5]：:[[480, 27, 16, 4]]
[108]：:[[178, 1961]]
[108, 16]：:[[6, 5, 6]]
[108, 269, 259]：:[[51, 148, 38, 159]]
[109]：:[[280, 0]]
[109, 283]：:[[136, 0, 35]]
[109, 17, 4]：:[[39, 10, 1, 10]]
[110]：:[[2, 3]]
[110, 251]：:[[108, 1, 10]]
[110, 253, 38]：:[[0, 3, 169, 20]]
[111]：:[[163, 158]]
[111, 262]：:[[292, 23, 2]]
[111, 259, 259]：:[[6, 5, 6, 5]]
[112]：:[[174, 161]]
[112, 258]：:[[594, 918, 795]]
[113]：:[[0, 14]]
[113, 13]：:[[0, 14, 560]]
[113, 251, 255]：:[[0, 14, 167, 328]]
[114]：:[[33, 2]]
[114, 58]：:[[37, 15, 7]]
[114, 259, 0]：:[[826, 611, 1812, 1408]]
[115]：:[[111, 61]]
[115, 276]：:[[1699, 349, 2308]]
[115, 2, 5]：:[[3064, 214, 58, 876]]
[116]：:[[14, 48]]
[116, 257]：:[[2153, 159, 38]]
[116, 251, 253]：:[[35, 48, 17, 53]]
[117]：:[[129, 3]]
[117, 12]：:[[88, 7, 26]]
[117, 6, 363]：:[[123, 22, 486, 22]]
[118]：:[[63, 49]]
[118, 8]：:[[2, 0, 2]]
[118, 302, 11]：:[[2, 1, 40, 3]]
[119]：:[[39, 30]]
[119, 252]：:[[2185, 288, 16]]
[119, 322, 20]：:[[59, 13, 8, 72]]
[120]：:[[44, 230]]
[120, 252]：:[[1312, 634, 64]]
[120, 255, 256]：:[[221, 2, 875, 2]]
[121]：:[[27, 12]]
[121, 251]：:[[23, 55, 144]]
[121, 251, 254]：:[[2, 12, 189, 46]]
[122]：:[[1043, 191]]
[122, 9]：:[[9, 60, 233]]
[122, 251, 0]：:[[1284, 147, 70, 29]]
[123]：:[[363, 5]]
[123, 5]：:[[610, 55, 610]]
[123, 292, 269]：:[[14, 20, 7, 336]]
[124]：:[[8, 13]]
[124, 256]：:[[20, 7, 26]]
[124, 285, 20]：:[[8941, 1163, 245, 1163]]
[125]：:[[1140, 3]]
[125, 270]：:[[37, 7, 149]]
[125, 0, 262]：:[[668, 209, 7, 0]]
[126]：:[[5, 69]]
[126, 254]：:[[56, 315, 288]]
[126, 278, 0]：:[[8, 13, 696, 233]]
[127]：:[[238, 273]]
[127, 0]：:[[15, 37, 100]]
[127, 251, 0]：:[[15, 23, 2733, 23]]
[128]：:[[15, 37]]
[128, 379]：:[[15, 37, 179]]
[128, 72, 6]：:[[585, 37, 20, 15]]
[129]：:[[62, 46]]
[129, 269]：:[[25, 0, 25]]
[129, 253, 0]：:[[24, 1109, 24, 1109]]
[130]：:[[14, 1]]
[130, 5]：:[[27, 288, 6497]]
[130, 254, 271]：:[[3, 1, 4, 1]]
[131]：:[[4, 272]]
[131, 268]：:[[300, 2, 0]]
[131, 6, 6]：:[[3322, 5831, 38, 148]]
[132]：:[[1057, 9]]
[132, 6]：:[[738, 31, 1356]]
[132, 2, 33]：:[[6, 68, 6, 5]]
[133]：:[[703, 1380]]
[133, 1]：:[[62, 565, 226]]
[133, 251, 5]：:[[12, 565, 66, 27]]
[134]：:[[2747, 27]]
[134, 21]：:[[468, 346, 8]]
[134, 251, 253]：:[[8, 13, 59, 8]]
[135]：:[[600, 182]]
[135, 302]：:[[14, 12, 0]]
[135, 19, 307]：:[[248, 1, 6868, 808]]
[136]：:[[1395, 48]]
[136, 387]：:[[2309, 2464, 2309]]
[136, 271, 251]：:[[146, 64, 146, 118]]
[137]：:[[493, 329]]
[137, 251]：:[[114, 329, 493]]
[137, 257, 404]：:[[9, 1054, 9, 1054]]
[138]：:[[62, 12]]
[138, 251]：:[[30, 159, 87]]
[138, 15, 297]：:[[5, 6, 5, 43]]
[139]：:[[37, 7]]
[139, 260]：:[[70, 29, 1490]]
[139, 261, 261]：:[[227, 7, 40, 7]]
[140]：:[[15, 237]]
[140, 257]：:[[79, 5, 6]]
[140, 2, 62]：:[[1370, 91, 66, 247]]
[141]：:[[2, 0]]
[141, 14]：:[[2, 0, 3]]
[142]：:[[13, 181]]
[142, 3]：:[[13, 181, 13]]
[142, 305, 251]：:[[101, 181, 13, 59]]
[143]：:[[15, 237]]
[143, 268]：:[[21, 612, 21]]
[143, 31, 266]：:[[135, 38, 472, 38]]
[144]：:[[2409, 4614]]
[144, 265]：:[[12, 772, 14]]
[144, 50, 277]：:[[144, 438, 144, 30]]
[145]：:[[33, 3]]
[145, 0]：:[[127, 2, 0]]
[145, 255, 261]：:[[265, 0, 102, 21]]
[146]：:[[663, 9]]
[146, 49]：:[[523, 164, 30]]
[146, 1, 7]：:[[7, 26, 11, 47]]
[147]：:[[92, 19]]
[147, 271]：:[[186, 150, 122]]
[147, 8, 253]：:[[253, 930, 2780, 277]]
[148]：:[[1415, 405]]
[148, 257]：:[[45, 320, 433]]
[148, 253, 2]：:[[2967, 742, 396, 32]]
[149]：:[[9, 6121]]
[149, 9]：:[[16, 8, 101]]
[149, 8, 251]：:[[13, 8, 13, 85]]
[150]：:[[498, 1]]
[150, 271]：:[[164, 30, 60]]
[150, 401, 257]：:[[68, 78, 68, 6]]
[151]：:[[1, 201]]
[151, 2]：:[[272, 48, 9]]
[151, 20, 61]：:[[63, 49, 2400, 49]]
[152]：:[[4, 12]]
[152, 1]：:[[136, 7, 26]]
[152, 251, 252]：:[[376, 0, 80, 53]]
[153]：:[[146, 3]]
[153, 20]：:[[8583, 2054, 45]]
[153, 260, 0]：:[[68, 6, 43, 322]]
[154]：:[[39, 10]]
[154, 251]：:[[154, 10, 491]]
[154, 264, 251]：:[[1, 10, 40, 1495]]
[155]：:[[813, 12]]
[155, 406]：:[[159, 51, 159]]
[155, 251, 251]：:[[3643, 51, 87, 38]]
[156]：:[[403, 888]]
[156, 254]：:[[684, 317, 89]]
[156, 258, 11]：:[[62, 2576, 12, 0]]
[157]：:[[49, 63]]
[157, 296]：:[[2884, 22, 123]]
[157, 260, 12]：:[[100, 7, 20, 7]]
[158]：:[[3, 29]]
[158, 258]：:[[3895, 4927, 3404]]
[158, 267, 35]：:[[1127, 571, 2505, 571]]
[159]：:[[2, 11]]
[159, 7]：:[[211, 236, 17]]
[159, 260, 3]：:[[744, 545, 1386, 744]]
[160]：:[[6, 68]]
[160, 0]：:[[470, 388, 14]]
[160, 269, 9]：:[[6, 5, 6, 5]]
[161]：:[[586, 7]]
[161, 412]：:[[1, 183, 1]]
[161, 1, 256]：:[[95, 183, 222, 0]]
[162]：:[[215, 2]]
[162, 3]：:[[658, 8, 13]]
[162, 11, 11]：:[[855, 0, 4, 16]]
[163]：:[[718, 22]]
[163, 252]：:[[1517, 42, 120]]
[163, 259, 0]：:[[0, 1, 10, 1]]
[164]：:[[537, 391]]
[164, 267]：:[[537, 391, 537]]
[164, 257, 85]：:[[537, 391, 12, 41]]
[165]：:[[8, 76]]
[165, 8]：:[[61, 128, 35]]
[165, 20, 1]：:[[21, 1, 4, 518]]
[166]：:[[91, 66]]
[166, 0]：:[[2259, 9, 1]]
[166, 101, 254]：:[[41, 12, 898, 189]]
[167]：:[[1150, 0]]
[167, 253]：:[[7173, 7, 237]]
[167, 253, 313]：:[[4, 3, 0, 3]]
[168]：:[[2659, 74]]
[168, 254]：:[[126, 858, 126]]
[168, 6, 290]：:[[140, 133, 91, 66]]
[169]：:[[11, 12]]
[169, 5]：:[[9, 93, 596]]
[169, 7, 252]：:[[7, 23, 7, 16]]
[170]：:[[914, 227]]
[170, 1]：:[[15, 7, 3]]
[170, 251, 256]：:[[914, 227, 37, 11]]
[171]：:[[1956, 307]]
[171, 252]：:[[2118, 50, 9]]
[171, 4, 253]：:[[36, 16, 2, 82]]
[172]：:[[2793, 14]]
[172, 251]：:[[385, 55, 0]]
[172, 251, 266]：:[[385, 55, 0, 2076]]
[173]：:[[38, 9]]
[173, 8]：:[[27, 12, 772]]
[173, 251, 259]：:[[12, 898, 12, 4]]
[174]：:[[3488, 42]]
[174, 3]：:[[5, 6, 5]]
[174, 5, 4]：:[[7, 26, 2327, 26]]
[175]：:[[186, 670]]
[175, 252]：:[[61, 166, 1758]]
[175, 426, 274]：:[[114, 1884, 114, 1884]]
[176]：:[[13, 8]]
[176, 264]：:[[0, 12, 31]]
[176, 251, 3]：:[[62, 12, 988, 46]]
[177]：:[[292, 14]]
[177, 3]：:[[543, 14, 1]]
[177, 42, 251]：:[[9, 14, 1, 230]]
[178]：:[[808, 338]]
[178, 0]：:[[233, 4281, 21]]
[178, 0, 2]：:[[233, 4281, 21, 16]]
[179]：:[[4, 10]]
[179, 254]：:[[28, 3, 2]]
[179, 269, 0]：:[[918, 22, 795, 981]]
[180]：:[[6221, 1720]]
[180, 10]：:[[2216, 126, 640]]
[180, 315, 3]：:[[6221, 1720, 643, 315]]
[181]：:[[51, 159]]
[181, 54]：:[[513, 70, 2336]]
[181, 251, 0]：:[[51, 159, 1067, 51]]
[182]：:[[372, 194]]
[182, 41]：:[[372, 194, 1530]]
[182, 433, 305]：:[[372, 194, 372, 57]]
[183]：:[[242, 2]]
[183, 254]：:[[3, 2, 0]]
[183, 253, 0]：:[[5187, 77, 544, 86]]
[184]：:[[2, 0]]
[184, 306]：:[[2, 236, 1]]
[184, 257, 255]：:[[3354, 400, 1, 89]]
[185]：:[[213, 1363]]
[185, 251]：:[[213, 1363, 3955]]
[185, 304, 0]：:[[404, 269, 404, 1]]
[186]：:[[894, 29]]
[186, 10]：:[[224, 70, 17]]
[186, 4, 302]：:[[1373, 306, 3, 33]]
[187]：:[[0, 25]]
[187, 7]：:[[29, 70, 0]]
[187, 267, 16]：:[[7, 15, 103, 7]]
[188]：:[[718, 22]]
[188, 299]：:[[0, 1172, 40]]
[188, 7, 365]：:[[582, 1833, 324, 372]]
[189]：:[[4, 1]]
[189, 256]：:[[2, 1, 40]]
[189, 259, 35]：:[[2, 0, 590, 0]]
[190]：:[[413, 1008]]
[190, 329]：:[[162, 1048, 61]]
[190, 268, 19]：:[[48, 160, 48, 160]]
[191]：:[[648, 380]]
[191, 267]：:[[648, 380, 161]]
[191, 253, 2]：:[[121, 266, 877, 266]]
[192]：:[[87, 51]]
[192, 28]：:[[2561, 93, 9]]
[192, 0, 251]：:[[454, 1418, 502, 566]]
[193]：:[[15, 7]]
[193, 266]：:[[227, 7, 155]]
[193, 6, 97]：:[[37, 7, 15, 7]]
[194]：:[[157, 12]]
[194, 285]：:[[37, 7, 20]]
[194, 265, 11]：:[[62, 12, 41, 12]]
[195]：:[[146, 64]]
[195, 284]：:[[372, 57, 372]]
[195, 251, 0]：:[[24, 182, 24, 196]]
[196]：:[[31, 14]]
[196, 4]：:[[31, 14, 31]]
[196, 69, 251]：:[[1613, 14, 95, 14]]
[197]：:[[3920, 145]]
[197, 8]：:[[142, 662, 2922]]
[197, 49, 329]：:[[315, 62, 2979, 12]]
[198]：:[[1093, 192]]
[198, 1]：:[[8, 89, 463]]
[198, 261, 261]：:[[4712, 0, 3, 0]]
[199]：:[[1351, 278]]
[199, 251]：:[[718, 22, 1081]]
[199, 251, 1]：:[[718, 22, 887, 190]]
[200]：:[[547, 471]]
[200, 23]：:[[37, 100, 7]]
[200, 252, 268]：:[[668, 179, 37, 15]]
[201]：:[[265, 0]]
[201, 14]：:[[14, 95, 12]]
[201, 9, 320]：:[[14, 95, 12, 27]]
[202]：:[[1, 9]]
[202, 1]：:[[349, 1565, 1468]]
[202, 257, 18]：:[[83, 5, 6, 5]]
[203]：:[[458, 1]]
[203, 259]：:[[0, 2, 0]]
[203, 392, 3]：:[[458, 1, 29, 1]]
[204]：:[[100, 7]]
[204, 150]：:[[1157, 71, 65]]
[204, 286, 254]：:[[100, 7, 100, 179]]
[205]：:[[14, 12]]
[205, 252]：:[[14, 12, 184]]
[205, 254, 261]：:[[14, 1, 9, 0]]
[206]：:[[135, 38]]
[206, 267]：:[[135, 38, 148]]
[206, 340, 89]：:[[0, 62, 119, 12]]
[207]：:[[100, 37]]
[207, 71]：:[[357, 18, 236]]
[207, 6, 257]：:[[655, 81, 318, 2885]]
[208]：:[[310, 1]]
[208, 13]：:[[310, 1, 12]]
[208, 255, 256]：:[[212, 10, 457, 10]]
[209]：:[[15, 7]]
[209, 5]：:[[517, 12, 89]]
[209, 63, 69]：:[[517, 12, 27, 12]]
[210]：:[[99, 94]]
[210, 7]：:[[69, 79, 69]]
[210, 254, 0]：:[[35, 801, 754, 502]]
[211]：:[[171, 23]]
[211, 462]：:[[2306, 302, 2306]]
[211, 297, 19]：:[[171, 23, 88, 171]]
[212]：:[[64, 2]]
[212, 8]：:[[64, 2, 0]]
[212, 255, 0]：:[[2, 0, 251, 0]]
[213]：:[[62, 46]]
[213, 42]：:[[0, 14, 1]]
[213, 11, 48]：:[[17, 45, 498, 3]]
[214]：:[[156, 12]]
[214, 1]：:[[156, 12, 27]]
[214, 21, 260]：:[[156, 12, 95, 31]]
[215]：:[[607, 0]]
[215, 255]：:[[607, 0, 348]]
[215, 5, 256]：:[[607, 0, 348, 7]]
[216]：:[[1172, 0]]
[216, 14]：:[[155, 7, 11]]
[216, 310, 19]：:[[37, 15, 103, 15]]
[217]：:[[207, 1582]]
[217, 468]：:[[207, 1582, 207]]
[217, 258, 258]：:[[88, 1844, 1019, 64]]
[218]：:[[1, 9]]
[218, 268]：:[[0, 14, 0]]
[218, 1, 1]：:[[19, 17, 385, 17]]
[219]：:[[63, 213]]
[219, 251]：:[[1093, 9, 1428]]
[219, 252, 252]：:[[1199, 152, 5857, 152]]
[220]：:[[207, 2519]]
[220, 36]：:[[65, 71, 743]]
[220, 253, 72]：:[[1213, 0, 2, 0]]
[221]：:[[841, 338]]
[221, 261]：:[[1277, 593, 1277]]
[221, 254, 0]：:[[269, 338, 44, 10]]
[222]：:[[1, 10]]
[222, 255]：:[[1, 10, 104]]
[223]：:[[731, 29]]
[223, 3]：:[[731, 29, 108]]
[223, 318, 251]：:[[1, 10, 1, 193]]
[224]：:[[776, 19]]
[224, 20]：:[[776, 19, 4]]
[224, 251, 17]：:[[655, 81, 290, 81]]
[225]：:[[35, 0]]
[225, 255]：:[[35, 0, 263]]
[225, 267, 251]：:[[50, 70, 513, 774]]
[226]：:[[62, 12]]
[226, 251]：:[[62, 12, 0]]
[226, 255, 256]：:[[62, 12, 1310, 12]]
[227]：:[[5463, 8]]
[227, 306, 1]：:[[1082, 326, 77, 940]]
[228]：:[[170, 0]]
[228, 2]：:[[170, 0, 3]]
[228, 309, 251]：:[[170, 0, 259, 2571]]
[229]：:[[2234, 2]]
[229, 80]：:[[2234, 2, 12]]
[229, 47, 255]：:[[2234, 2, 0, 575]]
[231]：:[[1, 731]]
[231, 251]：:[[12, 1123, 9845]]
[231, 8, 258]：:[[1, 731, 35, 40]]
[232]：:[[485, 122]]
[232, 5]：:[[44, 10, 44]]
[232, 274, 288]：:[[485, 122, 5, 391]]
[233]：:[[5, 6]]
[233, 251]：:[[5, 6, 83]]
[233, 252, 252]：:[[200, 16, 0, 16]]
[234]：:[[62, 27]]
[234, 0]：:[[12, 27, 12]]
[234, 252, 252]：:[[62, 27, 31, 27]]
[235]：:[[0, 556]]
[235, 263]：:[[0, 556, 2]]
[235, 284, 18]：:[[4, 3, 129, 955]]
[236]：:[[79, 264]]
[236, 0]：:[[5083, 1559, 5500]]
[237]：:[[192, 9]]
[237, 267]：:[[192, 9, 7652]]
[237, 390, 266]：:[[192, 9, 192, 9]]
[238]：:[[14, 12]]
[238, 14]：:[[14, 12, 41]]
[238, 14, 14]：:[[14, 12, 41, 12]]
[239]：:[[146, 679]]
[239, 253]：:[[146, 679, 244]]
[239, 2, 2]：:[[146, 679, 244, 679]]
[240]：:[[15, 209]]
[240, 257]：:[[15, 209, 7]]
[240, 257, 5]：:[[15, 209, 7, 47]]
[242]：:[[61, 400]]
[242, 282]：:[[61, 400, 2]]
[242, 282, 8]：:[[61, 400, 2, 0]]
[243]：:[[977, 0]]
[243, 258]：:[[977, 0, 2]]
[243, 251, 0]：:[[977, 0, 300, 0]]
[244]：:[[943, 1801]]
[244, 257]：:[[943, 1801, 145]]
[244, 257, 33]：:[[943, 1801, 145, 0]]
[245]：:[[146, 64]]
[245, 1]：:[[146, 64, 146]]
[245, 252, 252]：:[[146, 64, 244, 64]]
[246]：:[[2, 0]]
[246, 10]：:[[2, 0, 118]]
[246, 10, 10]：:[[2, 0, 33, 25]]
[247]：:[[376, 39]]
[247, 254]：:[[376, 39, 30]]
[247, 251, 0]：:[[376, 39, 7365, 39]]
[248]：:[[62, 27]]
[248, 5]：:[[62, 27, 1713]]
[248, 255, 256]：:[[62, 27, 1713, 27]]
[250]：:[[227, 7]]
[250, 253]：:[[227, 7, 155]]
[250, 274, 14]：:[[227, 7, 26, 20]]
[251]：:[[17, 39]]
[251, 0]：:[[114, 1857, 3343]]
[251, 0, 38]：:[[12, 189, 62, 46]]
[252]：:[[27, 59]]
[252, 10]：:[[21, 24, 105]]
[252, 255, 0]：:[[58, 675, 313, 58]]
[253]：:[[27, 152]]
[253, 253]：:[[2, 3, 2]]
[254]：:[[1692, 1752]]
[254, 26]：:[[39, 30, 39]]
[254, 253, 0]：:[[521, 22, 82, 277]]
[255]：:[[0, 1078]]
[255, 4]：:[[0, 251, 0]]
[255, 4, 13]：:[[5366, 163, 22, 11]]
[256]：:[[196, 9]]
[256, 255]：:[[575, 10, 575]]
[256, 8, 253]：:[[447, 2, 0, 4540]]
[257]：:[[305, 125]]
[257, 6]：:[[1144, 1, 1144]]
[257, 15, 257]：:[[477, 250, 96, 250]]
[258]：:[[0, 26]]
[258, 2]：:[[58, 21, 4]]
[258, 256, 255]：:[[27, 25, 2, 25]]
[259]：:[[24, 210]]
[259, 7]：:[[1, 528, 476]]
[259, 21, 261]：:[[662, 142, 0, 2]]
[260]：:[[209, 15]]
[260, 27]：:[[914, 237, 15]]
[260, 259, 254]：:[[114, 2199, 114, 3751]]
[261]：:[[54, 134]]
[261, 255]：:[[222, 1, 222]]
[262]：:[[991, 217]]
[262, 4]：:[[492, 75, 0]]
[262, 6, 3]：:[[3, 7, 15, 7]]
[263]：:[[26, 20]]
[263, 8]：:[[42, 0, 4]]
[263, 12, 12]：:[[295, 548, 156, 548]]
[264]：:[[3, 2]]
[264, 251]：:[[11, 9, 86]]
[264, 251, 0]：:[[1, 10, 515, 269]]
[265]：:[[55, 11]]
[265, 252]：:[[2, 0, 2]]
[265, 12, 252]：:[[7, 2, 0, 22]]
[266]：:[[51, 199]]
[266, 15]：:[[299, 116, 299]]
[266, 18, 6]：:[[16, 36, 16, 34]]
[267]：:[[116, 299]]
[267, 19]：:[[36, 632, 36]]
[267, 19, 267]：:[[15, 149, 15, 149]]
[268]：:[[401, 8]]
[268, 8]：:[[588, 75, 153]]
[268, 256, 255]：:[[3686, 37, 26, 37]]
[269]：:[[66, 133]]
[269, 18]：:[[5, 6, 68]]
[269, 46, 3]：:[[16, 36, 16, 14]]
[270]：:[[16, 36]]
[270, 19]：:[[331, 456, 331]]
[270, 6, 260]：:[[49, 63, 49, 335]]
[271]：:[[5, 6]]
[271, 254]：:[[0, 315, 46]]
[271, 275, 268]：:[[5, 43, 5, 6]]
[272]：:[[0, 2]]
[272, 255]：:[[0, 12, 813]]
[273]：:[[84, 17]]
[273, 4]：:[[4, 102, 0]]
[274]：:[[3, 33]]
[274, 16]：:[[69, 5, 6]]
[274, 0, 251]：:[[4, 1818, 2405, 1818]]
[275]：:[[4146, 1]]
[275, 0]：:[[880, 1712, 236]]
[275, 0, 5]：:[[2, 25, 0, 2170]]
[276]：:[[1104, 122]]
[276, 328]：:[[5, 6, 43]]
[276, 32, 276]：:[[596, 256, 596, 154]]
[277]：:[[1819, 142]]
[277, 8]：:[[621, 30, 39]]
[277, 253, 251]：:[[1819, 142, 243, 188]]
[278]：:[[15, 179]]
[278, 258]：:[[8, 13, 1325]]
[278, 2, 10]：:[[3, 2, 3, 7]]
[279]：:[[19, 17]]
[279, 251]：:[[80, 570, 193]]
[279, 1, 1]：:[[1, 9, 6724, 9]]
[280]：:[[34, 36]]
[280, 18]：:[[5, 6, 5]]
[280, 6, 257]：:[[2749, 5919, 2749, 5919]]
[281]：:[[278, 3451]]
[281, 191]：:[[8, 181, 13]]
[281, 30, 257]：:[[734, 1249, 734, 81]]
[282]：:[[3, 6]]
[282, 14]：:[[68, 6, 5]]
[282, 253, 1]：:[[0, 2, 3, 0]]
[283]：:[[8, 52]]
[283, 3]：:[[24, 80, 1]]
[283, 9, 257]：:[[5, 6, 5, 6]]
[284]：:[[2, 233]]
[284, 6]：:[[23, 88, 171]]
[284, 8, 259]：:[[132, 31, 229, 31]]
[285]：:[[2, 0]]
[285, 273]：:[[177, 82, 253]]
[285, 259, 1]：:[[21, 1, 21, 411]]
[286]：:[[571, 3030]]
[286, 35]：:[[37, 100, 37]]
[286, 35, 44]：:[[139, 908, 139, 908]]
[287]：:[[15, 7]]
[287, 9]：:[[8158, 309, 1368]]
[287, 298, 255]：:[[2, 0, 2, 77]]
[288]：:[[100, 15]]
[288, 266]：:[[49, 919, 63]]
[288, 282, 6]：:[[250, 96, 250, 96]]
[289]：:[[831, 454]]
[289, 4]：:[[15, 7, 20]]
[289, 11, 266]：:[[4355, 0, 23, 7]]
[290]：:[[2606, 560]]
[290, 1]：:[[776, 11, 4499]]
[290, 255, 4]：:[[400, 1, 1346, 1]]
[291]：:[[7, 2897]]
[291, 288]：:[[0, 909, 259]]
[291, 255, 4]：:[[10, 1, 457, 1]]
[292]：:[[499, 198]]
[292, 302]：:[[10, 1, 14]]
[292, 15, 296]：:[[41, 12, 41, 12]]
[293]：:[[1, 14]]
[293, 0]：:[[230, 4, 1]]
[293, 42, 255]：:[[1, 14, 1, 740]]
[294]：:[[380, 990]]
[294, 3]：:[[8, 52, 8]]
[294, 252, 252]：:[[13, 181, 101, 181]]
[295]：:[[5910, 81]]
[295, 6]：:[[407, 73, 178]]
[295, 260, 8]：:[[46, 157, 46, 62]]
[296]：:[[10, 2]]
[296, 251]：:[[20, 336, 7]]
[296, 267, 16]：:[[22, 123, 115, 123]]
[297]：:[[15, 209]]
[297, 253]：:[[716, 105, 53]]
[297, 266, 15]：:[[36, 16, 36, 200]]
[298]：:[[104, 2]]
[298, 47]：:[[185, 876, 185]]
[298, 262, 5]：:[[10, 2, 23, 159]]
[299]：:[[33, 105]]
[299, 5]：:[[2, 0, 210]]
[299, 264, 251]：:[[0, 16, 31, 6176]]
[300]：:[[5, 43]]
[300, 18]：:[[5, 6, 5]]
[300, 49, 270]：:[[5, 43, 5, 6]]
[301]：:[[2, 0]]
[301, 14]：:[[11, 20, 7]]
[301, 13, 13]：:[[20, 7, 20, 7]]
[302]：:[[5, 6]]
[302, 7]：:[[131, 17, 4]]
[303]：:[[127, 2]]
[303, 3]：:[[94, 84, 272]]
[303, 7, 0]：:[[18, 357, 18, 1]]
[304]：:[[3, 2]]
[304, 276]：:[[66, 2477, 49]]
[304, 0, 1]：:[[19, 17, 19, 17]]
[305]：:[[6, 5]]
[305, 2]：:[[137, 15, 7]]
[305, 255, 256]：:[[27, 12, 104, 12]]
[306]：:[[26, 2]]
[306, 23]：:[[12, 46, 12]]
[306, 271, 6]：:[[286, 30, 113, 246]]
[307]：:[[46, 12]]
[307, 11]：:[[15, 7, 20]]
[307, 3, 0]：:[[421, 23, 73, 615]]
[308]：:[[6, 90]]
[308, 19]：:[[73, 6, 5]]
[308, 260, 252]：:[[308, 107, 138, 24]]
[309]：:[[497, 246]]
[309, 79]：:[[10, 269, 1465]]
[309, 3, 283]：:[[30, 892, 30, 92]]
[310]：:[[7, 103]]
[310, 59, 255]：:[[7, 103, 7, 3369]]
[311]：:[[0, 47]]
[311, 17]：:[[2, 0, 2]]
[311, 1, 1]：:[[0, 1359, 9, 1359]]
[312]：:[[2, 0]]
[312, 3]：:[[61, 98, 1298]]
[312, 251, 4]：:[[26, 33, 37, 3]]
[313]：:[[382, 69]]
[313, 251]：:[[25, 105, 242]]
[313, 17, 285]：:[[40, 7, 15, 638]]
[314]：:[[0, 12]]
[314, 8]：:[[0, 12, 46]]
[314, 14, 251]：:[[27, 12, 11, 438]]
[315]：:[[48, 119]]
[315, 263]：:[[59, 8, 59]]
[315, 9, 74]：:[[73, 384, 5, 43]]
[316]：:[[68, 6]]
[316, 3]：:[[68, 6, 5]]
[316, 267, 251]：:[[49, 63, 919, 63]]
[317]：:[[0, 9]]
[317, 6]：:[[1, 3000, 330]]
[317, 5, 4]：:[[1281, 58, 170, 58]]
[318]：:[[1, 1689]]
[318, 2]：:[[26, 11, 3]]
[318, 268, 6]：:[[1539, 816, 174, 161]]
[319]：:[[14, 1]]
[319, 257]：:[[13, 8, 401]]
[319, 251, 0]：:[[20, 11, 425, 2]]
[320]：:[[12, 27]]
[320, 12]：:[[292, 23, 0]]
[320, 6, 257]：:[[12, 448, 34, 36]]
[321]：:[[33, 64]]
[321, 257]：:[[744, 545, 1760]]
[321, 78, 20]：:[[30, 113, 30, 2525]]
[322]：:[[0, 325]]
[322, 50]：:[[2, 0, 2]]
[322, 10, 5]：:[[0, 172, 0, 98]]
[323]：:[[2, 3]]
[323, 8]：:[[180, 495, 132]]
[323, 72, 3]：:[[70, 17, 70, 17]]
[324]：:[[1, 92]]
[324, 260]：:[[166, 592, 1560]]
[324, 270, 267]：:[[352, 752, 161, 812]]
[325]：:[[63, 213]]
[325, 251]：:[[35, 128, 310]]
[325, 3, 251]：:[[101, 8, 13, 271]]
[326]：:[[29, 224]]
[326, 1, 1]：:[[10, 39, 92, 39]]
[327]：:[[2, 3]]
[327, 256]：:[[2, 3, 11]]
[328]：:[[26, 20]]
[328, 251]：:[[60, 2, 32]]
[328, 9, 254]：:[[1, 10, 1, 9]]
[329]：:[[723, 15]]
[329, 282]：:[[320, 45, 9]]
[329, 15, 268]：:[[516, 51, 148, 38]]
[330]：:[[2348, 3832]]
[330, 98]：:[[72, 8, 181]]
[331]：:[[2, 1826]]
[331, 260]：:[[46, 12, 3247]]
[331, 254, 251]：:[[3546, 3, 2, 102]]
[332]：:[[381, 9]]
[332, 15]：:[[41, 12, 41]]
[332, 377, 254]：:[[232, 9, 1022, 9]]
[333]：:[[2349, 4]]
[333, 251]：:[[7, 103, 471]]
[333, 273, 273]：:[[139, 4, 843, 4]]
[334]：:[[626, 525]]
[334, 7]：:[[3096, 782, 8030]]
[334, 0, 43]：:[[5, 6, 314, 5]]
[335]：:[[8, 89]]
[335, 0]：:[[217, 129, 3]]
[335, 255, 256]：:[[201, 9, 444, 9]]
[336]：:[[10, 4]]
[336, 258]：:[[0, 54, 245]]
[336, 1, 1]：:[[10, 4, 21, 4]]
[337]：:[[201, 65]]
[337, 254]：:[[59, 8, 89]]
[337, 17, 268]：:[[13, 468, 13, 8]]
[338]：:[[5, 6]]
[338, 264]：:[[400, 1, 29]]
[338, 277, 252]：:[[183, 560, 21, 612]]
[339]：:[[641, 785]]
[339, 3]：:[[5, 205, 5]]
[340]：:[[46, 119]]
[340, 0]：:[[272, 119, 957]]
[340, 2, 259]：:[[12, 46, 12, 46]]
[341]：:[[40, 2]]
[341, 253]：:[[18, 21, 18]]
[341, 261, 261]：:[[62, 1218, 62, 1218]]
[342]：:[[37, 15]]
[342, 3]：:[[8, 240, 8]]
[342, 0, 3]：:[[35, 817, 35, 9]]
[343]：:[[3, 129]]
[343, 6]：:[[16, 36, 34]]
[343, 6, 19]：:[[16, 36, 34, 36]]
[344]：:[[13, 683]]
[344, 388]：:[[4, 329, 493]]
[344, 4, 5]：:[[46, 14, 41, 14]]
[345]：:[[95, 31]]
[345, 251]：:[[7, 137, 225]]
[345, 266, 266]：:[[66, 132, 858, 132]]
[346]：:[[5693, 2555]]
[346, 262]：:[[59, 16, 108]]
[346, 275, 20]：:[[641, 3394, 30, 641]]
[347]：:[[2, 300]]
[347, 2]：:[[272, 4, 138]]
[347, 3, 266]：:[[272, 408, 94, 74]]
[348]：:[[7, 100]]
[348, 26]：:[[12, 46, 104]]
[348, 35, 255]：:[[37, 100, 7, 11]]
[349]：:[[0, 54]]
[349, 98]：:[[1062, 214, 1062]]
[349, 269, 259]：:[[0, 3, 129, 146]]
[350]：:[[337, 0]]
[350, 251]：:[[305, 1, 18]]
[350, 264, 253]：:[[14, 1, 10, 18]]
[351]：:[[2, 0]]
[351, 12]：:[[13, 52, 13]]
[351, 29, 257]：:[[5, 6, 5, 6]]
[352]：:[[9, 1093]]
[352, 9]：:[[29, 1717, 185]]
[352, 26, 2]：:[[7, 704, 7, 15]]
[353]：:[[62, 50]]
[353, 275]：:[[750, 200, 1544]]
[353, 0, 253]：:[[0, 18, 1, 4]]
[354]：:[[10, 1]]
[354, 266]：:[[674, 139, 674]]
[354, 293, 42]：:[[10, 1, 498, 1]]
[355]：:[[266, 121]]
[355, 288]：:[[42, 2065, 8638]]
[356]：:[[1820, 1113]]
[356, 19]：:[[552, 48, 206]]
[356, 16, 309]：:[[57, 194, 57, 2142]]
[357]：:[[27, 750]]
[357, 2]：:[[14, 7303, 14]]
[357, 252, 252]：:[[11, 136, 587, 136]]
[358]：:[[30, 497]]
[358, 338]：:[[165, 831, 61]]
[358, 16, 358]：:[[499, 848, 499, 848]]
[359]：:[[745, 1296]]
[359, 6]：:[[49, 63, 49]]
[359, 1, 1]：:[[2735, 1051, 2735, 1051]]
[360]：:[[420, 6]]
[360, 24]：:[[3, 0, 11]]
[360, 1, 1]：:[[1770, 1870, 2515, 1870]]
[361]：:[[38, 51]]
[361, 253]：:[[40, 4, 102]]
[361, 251, 254]：:[[3, 2, 0, 130]]
[362]：:[[5, 6]]
[362, 18]：:[[5, 6, 5]]
[362, 251, 271]：:[[550, 164, 163, 1295]]
[363]：:[[100, 7]]
[363, 9]：:[[489, 12, 46]]
[363, 252, 263]：:[[5, 11, 0, 3]]
[364]：:[[14, 0]]
[364, 20]：:[[14, 0, 119]]
[364, 251, 2]：:[[14, 0, 28, 1369]]
[365]：:[[2646, 1624]]
[365, 1]：:[[332, 575, 221]]
[365, 2, 12]：:[[21, 114, 21, 4]]
[366]：:[[13, 8]]
[366, 263]：:[[2, 3, 0]]
[366, 253, 2]：:[[61, 111, 70, 35]]
[367]：:[[534, 14]]
[367, 266]：:[[51, 3032, 51]]
[367, 17, 251]：:[[7, 403, 7, 1519]]
[368]：:[[22, 145]]
[368, 267]：:[[16, 36, 34]]
[368, 251, 0]：:[[156, 1086, 1514, 1079]]
[369]：:[[35, 128]]
[369, 252]：:[[173, 4, 16]]
[369, 2, 4]：:[[945, 750, 140, 66]]
[370]：:[[185, 366]]
[370, 258]：:[[1622, 35, 1622]]
[370, 0, 257]：:[[3, 197, 1015, 197]]
[371]：:[[2, 364]]
[371, 120]：:[[230, 44, 230]]
[371, 252, 253]：:[[3401, 17, 4, 19]]
[372]：:[[12, 27]]
[372, 251]：:[[12, 27, 750]]
[372, 260, 260]：:[[12, 31, 95, 543]]
[373]：:[[191, 1043]]
[373, 253]：:[[60, 9, 1]]
[374]：:[[274, 125]]
[374, 8]：:[[5, 363, 5]]
[374, 4, 255]：:[[55, 610, 55, 610]]
[375]：:[[13, 8]]
[375, 0]：:[[7, 20, 11]]
[376]：:[[0, 2]]
[376, 251]：:[[237, 209, 37]]
[376, 7, 8]：:[[3, 1140, 3, 2]]
[377]：:[[195, 332]]
[377, 1]：:[[82, 177, 1120]]
[377, 253, 261]：:[[315, 56, 196, 628]]
[378]：:[[37, 15]]
[378, 251]：:[[273, 238, 2589]]
[378, 289, 15]：:[[62, 46, 157, 12]]
[379]：:[[37, 100]]
[379, 90]：:[[37, 15, 47]]
[379, 304, 271]：:[[37, 15, 100, 37]]
[380]：:[[2, 125]]
[380, 3]：:[[62, 46, 12]]
[380, 2, 5]：:[[0, 25, 23, 2]]
[381]：:[[1, 14]]
[381, 272]：:[[1, 14, 4]]
[381, 255, 1]：:[[1, 3, 4, 419]]
[382]：:[[272, 4]]
[382, 0]：:[[2, 300, 2]]
[382, 251, 251]：:[[5831, 3322, 4274, 1963]]
[383]：:[[31, 738]]
[383, 257]：:[[22, 123, 22]]
[383, 19, 257]：:[[16, 36, 34, 16]]
[384]：:[[565, 62]]
[384, 8]：:[[264, 1338, 1036]]
[384, 63, 69]：:[[565, 12, 38, 12]]
[385]：:[[27, 2747]]
[385, 271]：:[[346, 468, 59]]
[385, 266, 15]：:[[13, 8, 76, 8]]
[386]：:[[182, 600]]
[386, 7]：:[[12, 14, 27]]
[386, 0, 288]：:[[1, 248, 1522, 260]]
[387]：:[[2464, 2309]]
[387, 0]：:[[146, 213, 6773]]
[387, 251, 253]：:[[64, 146, 64, 25]]
[388]：:[[329, 493]]
[388, 0]：:[[329, 114, 329]]
[388, 264, 264]：:[[1054, 9, 22, 9]]
[389]：:[[12, 62]]
[389, 48]：:[[159, 30, 358]]
[390]：:[[22, 981]]
[390, 251]：:[[7, 227, 225]]
[390, 252, 252]：:[[29, 70, 476, 70]]
[391]：:[[368, 384]]
[391, 253]：:[[1401, 411, 409]]
[391, 0, 317]：:[[5, 79, 1125, 0]]
[392]：:[[0, 2]]
[392, 265]：:[[0, 2, 0]]
[392, 14, 253]：:[[0, 2, 3, 0]]
[393]：:[[181, 13]]
[393, 6]：:[[181, 59, 2685]]
[393, 252, 252]：:[[181, 101, 52, 101]]
[394]：:[[612, 21]]
[394, 258]：:[[31, 1356, 31]]
[394, 0, 19]：:[[38, 135, 38, 148]]
[395]：:[[4614, 2409]]
[395, 253]：:[[772, 12, 46]]
[395, 301, 39]：:[[438, 144, 438, 144]]
[396]：:[[3, 33]]
[396, 0]：:[[2, 127, 217]]
[396, 0, 251]：:[[0, 265, 0, 845]]
[397]：:[[9, 663]]
[397, 251]：:[[164, 523, 163]]
[397, 251, 274]：:[[26, 7, 155, 15]]
[398]：:[[19, 92]]
[398, 252]：:[[150, 186, 150]]
[398, 273, 251]：:[[930, 253, 82, 296]]
[399]：:[[405, 1415]]
[399, 251]：:[[320, 45, 114]]
[399, 6, 267]：:[[742, 2967, 742, 2378]]
[400]：:[[6121, 9]]
[400, 259]：:[[8, 16, 104]]
[400, 272, 254]：:[[8, 13, 8, 85]]
[401]：:[[1, 498]]
[401, 49]：:[[30, 164, 30]]
[401, 150, 251]：:[[78, 68, 78, 6]]
[402]：:[[201, 1]]
[402, 6]：:[[48, 272, 48]]
[402, 3, 20]：:[[49, 63, 49, 2400]]
[403]：:[[12, 4]]
[403, 152]：:[[7, 136, 7]]
[403, 41, 253]：:[[0, 376, 10, 5]]
[404]：:[[3, 146]]
[404, 3, 339]：:[[438, 22, 691, 559]]
[405]：:[[10, 1894]]
[405, 0]：:[[10, 39, 55]]
[405, 292, 37]：:[[16, 66, 298, 91]]
[406]：:[[12, 813]]
[406, 432]：:[[51, 159, 51]]
[406, 3, 266]：:[[51, 3643, 51, 199]]
[407]：:[[12, 46]]
[407, 251]：:[[888, 403, 1155]]
[407, 156, 254]：:[[317, 684, 317, 89]]
[408]：:[[52, 8]]
[408, 18]：:[[5, 6, 68]]
[408, 329, 29]：:[[22, 2884, 594, 163]]
[409]：:[[29, 3]]
[409, 6]：:[[1895, 174, 161]]
[409, 251, 3]：:[[119, 10, 119, 24]]
[410]：:[[0, 909]]
[410, 279]：:[[11, 2, 0]]
[410, 254, 9]：:[[545, 744, 1386, 545]]
[411]：:[[68, 6]]
[411, 1]：:[[388, 470, 612]]
[411, 33, 260]：:[[5, 6, 5, 6]]
[412]：:[[7, 586]]
[412, 262]：:[[183, 1, 0]]
[412, 9, 261]：:[[183, 95, 201, 132]]
[413]：:[[2, 215]]
[413, 3]：:[[8, 658, 59]]
[413, 106, 17]：:[[0, 855, 4, 0]]
[414]：:[[22, 718]]
[414, 259]：:[[42, 1517, 104]]
[414, 255, 2]：:[[1, 0, 33, 0]]
[415]：:[[391, 537]]
[415, 251]：:[[391, 537, 164]]
[415, 19, 257]：:[[391, 537, 391, 12]]
[416]：:[[76, 8]]
[416, 265]：:[[128, 61, 35]]
[416, 2, 1]：:[[1, 21, 25, 4]]
[417]：:[[66, 91]]
[417, 166]：:[[9, 2259, 9]]
[417, 256, 1]：:[[12, 41, 23, 1]]
[418]：:[[0, 1150]]
[418, 0, 259]：:[[45, 4, 166, 14]]
[419]：:[[49, 335]]
[419, 254]：:[[63, 49, 63]]
[419, 168, 171]：:[[1537, 8115, 1537, 326]]
[420]：:[[9, 93]]
[420, 258]：:[[12, 11, 69]]
[420, 264, 14]：:[[0, 2, 0, 22]]
[421]：:[[716, 263]]
[421, 37]：:[[7, 15, 100]]
[421, 258, 251]：:[[347, 21, 437, 21]]
[422]：:[[0, 33]]
[422, 251]：:[[5, 6, 43]]
[422, 6, 257]：:[[23, 88, 706, 23]]
[423]：:[[98, 182]]
[423, 251]：:[[98, 182, 210]]
[423, 0, 296]：:[[14, 2793, 55, 1775]]
[424]：:[[154, 689]]
[424, 8]：:[[898, 12, 66]]
[424, 6, 266]：:[[9, 38, 51, 159]]
[425]：:[[2, 3]]
[425, 174]：:[[7, 20, 7]]
[426]：:[[1884, 114]]
[426, 35]：:[[7, 100, 7]]
[426, 35, 253]：:[[7, 100, 7, 20]]
[427]：:[[1173, 38]]
[427, 259]：:[[0, 2, 0]]
[427, 0, 260]：:[[4642, 352, 5696, 529]]
[428]：:[[27, 14]]
[428, 271]：:[[27, 14, 1]]
[428, 266, 15]：:[[14, 275, 232, 330]]
[429]：:[[1402, 74]]
[429, 14]：:[[414, 0, 11]]
[429, 251, 0]：:[[338, 808, 404, 269]]
[430]：:[[0, 432]]
[430, 0]：:[[62, 1234, 189]]
[430, 55, 58]：:[[0, 4, 30, 5]]
[431]：:[[1136, 830]]
[431, 85]：:[[0, 54, 0]]
[431, 1, 1]：:[[1720, 6221, 6844, 6221]]
[432]：:[[29, 224]]
[432, 0]：:[[159, 51, 87]]
[432, 260, 0]：:[[29, 224, 29, 224]]
[433]：:[[5, 6]]
[433, 251]：:[[169, 62, 12]]
[433, 9, 257]：:[[78, 6, 5, 43]]
[434]：:[[2, 3]]
[434, 2]：:[[0, 28, 23]]
[434, 265, 13]：:[[7177, 315, 7, 20]]
[435]：:[[0, 2]]
[435, 253]：:[[1, 2, 102]]
[435, 259, 254]：:[[236, 2, 3, 2]]
[436]：:[[288, 14]]
[436, 0]：:[[1, 19, 1]]
[436, 53, 252]：:[[269, 404, 269, 44]]
[437]：:[[29, 894]]
[437, 16]：:[[70, 224, 774]]
[437, 0, 37]：:[[306, 1373, 4896, 1373]]
[438]：:[[25, 0]]
[438, 253]：:[[70, 29, 196]]
[438, 263, 259]：:[[15, 7, 2, 64]]
[439]：:[[22, 718]]
[439, 264]：:[[1172, 0, 11]]
[439, 36, 287]：:[[1833, 582, 669, 57]]
[440]：:[[1, 4]]
[440, 253]：:[[1, 2, 11]]
[440, 253, 10]：:[[0, 2, 0, 2]]
[441]：:[[1008, 413]]
[441, 16]：:[[1048, 162, 2270]]
[441, 251, 8]：:[[160, 48, 119, 184]]
[442]：:[[380, 648]]
[442, 15]：:[[380, 648, 810]]
[442, 267, 107]：:[[266, 121, 563, 121]]
[443]：:[[51, 87]]
[443, 192]：:[[93, 2561, 201]]
[443, 15, 266]：:[[1418, 454, 162, 506]]
[444]：:[[7, 15]]
[444, 3]：:[[7, 227, 15]]
[444, 0, 390]：:[[7, 37, 7, 37]]
[445]：:[[12, 157]]
[445, 259]：:[[7, 37, 7]]
[445, 254, 0]：:[[12, 62, 189, 12]]
[446]：:[[64, 146]]
[446, 33]：:[[57, 372, 57]]
[446, 260, 10]：:[[182, 24, 196, 111]]
[447]：:[[14, 31]]
[447, 12]：:[[14, 31, 95]]
[448]：:[[1, 40]]
[448, 0]：:[[69, 83, 6]]
[448, 272, 0]：:[[145, 3920, 795, 115]]
[449]：:[[374, 477]]
[449, 26]：:[[587, 2996, 762]]
[449, 0, 46]：:[[192, 1093, 9, 2341]]
[450]：:[[12, 157]]
[450, 20]：:[[22, 718, 22]]
[450, 253, 261]：:[[278, 1351, 2510, 3473]]
[451]：:[[302, 2886]]
[451, 0]：:[[179, 668, 179]]
[451, 264, 263]：:[[471, 547, 0, 2]]
[452]：:[[113, 30]]
[452, 1]：:[[2, 864, 102]]
[452, 8, 264]：:[[0, 265, 0, 11]]
[453]：:[[61, 234]]
[453, 3]：:[[61, 234, 61]]
[453, 0, 6]：:[[5, 83, 6, 5]]
[454]：:[[1, 80]]
[454, 21]：:[[2, 0, 2]]
[454, 0, 259]：:[[94, 465, 272, 1174]]
[455]：:[[71, 1157]]
[455, 3]：:[[7, 15, 100]]
[455, 0, 90]：:[[7, 100, 7, 47]]
[456]：:[[12, 14]]
[456, 0]：:[[12, 14, 1]]
[456, 252, 252]：:[[120, 193, 32, 10]]
[457]：:[[38, 1650]]
[457, 251]：:[[38, 135, 38]]
[457, 0, 267]：:[[38, 135, 38, 148]]
[458]：:[[917, 4578]]
[458, 207]：:[[917, 4578, 917]]
[458, 1, 3]：:[[18, 357, 18, 1]]
[459]：:[[1, 310]]
[459, 0]：:[[1, 310, 502]]
[459, 0, 3]：:[[10, 212, 1, 10]]
[460]：:[[7, 15]]
[460, 0]：:[[12, 517, 12]]
[461]：:[[100, 225]]
[461, 26]：:[[1029, 213, 146]]
[461, 8, 0]：:[[1029, 213, 351, 3]]
[462]：:[[77, 0]]
[462, 257]：:[[23, 171, 88]]
[462, 270, 1]：:[[23, 171, 88, 439]]
[463]：:[[2, 64]]
[463, 17]：:[[2, 64, 2]]
[463, 268, 6]：:[[0, 2, 440, 260]]
[464]：:[[46, 62]]
[464, 7]：:[[14, 0, 2]]
[464, 4, 11]：:[[45, 17, 45, 136]]
[465]：:[[12, 156]]
[465, 11]：:[[12, 156, 45]]
[465, 262, 262]：:[[12, 156, 45, 156]]
[466]：:[[0, 607]]
[466, 252]：:[[0, 607, 3427]]
[466, 1, 1]：:[[0, 607, 3427, 607]]
[467]：:[[0, 1172]]
[467, 276]：:[[7, 155, 227]]
[467, 0, 3]：:[[15, 37, 237, 15]]
[468]：:[[1582, 207]]
[468, 329]：:[[1582, 207, 822]]
[468, 6, 257]：:[[1844, 88, 178, 73]]
[469]：:[[9, 1]]
[469, 261]：:[[14, 0, 2]]
[469, 1, 1]：:[[17, 19, 144, 19]]
[470]：:[[213, 63]]
[470, 26]：:[[9, 1093, 192]]
[470, 317, 7]：:[[152, 1199, 651, 1199]]
[471]：:[[2519, 207]]
[471, 2]：:[[71, 65, 50]]
[471, 21, 0]：:[[0, 1213, 1295, 2383]]
[472]：:[[338, 841]]
[472, 261]：:[[593, 1277, 593]]
[472, 265, 5]：:[[338, 269, 10, 44]]
[473]：:[[10, 1]]
[473, 262]：:[[10, 1, 71]]
[473, 41, 6]：:[[3139, 514, 7, 1255]]
[474]：:[[10, 1]]
[474, 223]：:[[137, 103, 137]]
[474, 45, 255]：:[[29, 731, 10, 17]]
[475]：:[[19, 776]]
[475, 260]：:[[19, 776, 0]]
[475, 260, 253]：:[[19, 776, 0, 22]]
[476]：:[[0, 35]]
[476, 255]：:[[70, 50, 18]]
[476, 251, 256]：:[[9, 86, 241, 1]]
[477]：:[[12, 62]]
[477, 340]：:[[12, 62, 119]]
[477, 340, 89]：:[[12, 62, 119, 12]]
[478]：:[[6359, 6349]]
[478, 2]：:[[326, 1082, 449]]
[478, 251, 0]：:[[1378, 2, 105, 2]]
[479]：:[[0, 170]]
[479, 71]：:[[47, 25, 47]]
[479, 11, 11]：:[[0, 170, 1357, 170]]
[480]：:[[2, 2234]]
[480, 0]：:[[2, 2234, 2]]
[480, 0, 265]：:[[2, 2234, 2, 40]]
[482]：:[[731, 1]]
[482, 253]：:[[1123, 12, 46]]
[482, 11, 262]：:[[731, 1, 230, 921]]
[483]：:[[10, 44]]
[483, 256]：:[[10, 44, 10]]
[483, 6, 257]：:[[168, 600, 342, 600]]
[484]：:[[6, 5]]
[484, 280]：:[[6, 5, 6]]
[484, 264, 253]：:[[16, 200, 66, 0]]
[485]：:[[27, 12]]
[485, 251]：:[[27, 12, 27]]
[485, 17, 289]：:[[27, 12, 27, 12]]
[486]：:[[556, 0]]
[486, 252]：:[[556, 0, 2]]
[486, 7, 14]：:[[556, 0, 50, 0]]
[487]：:[[1559, 5083]]
[488]：:[[7, 37]]
[488, 251]：:[[9, 192, 1428]]
[488, 3, 97]：:[[7, 37, 100, 7]]
[489]：:[[12, 14]]
[489, 251]：:[[12, 14, 2733]]
[489, 153, 254]：:[[12, 14, 62, 14]]
[490]：:[[679, 146]]
[490, 268]：:[[679, 146, 955]]
[490, 268, 0]：:[[679, 146, 955, 3]]
[491]：:[[209, 15]]
[491, 17]：:[[209, 15, 37]]
[491, 254, 379]：:[[209, 15, 37, 100]]
[493]：:[[400, 61]]
[493, 271]：:[[400, 61, 1352]]
[493, 251, 271]：:[[400, 61, 35, 3485]]
[494]：:[[0, 977]]
[494, 3]：:[[0, 977, 315]]
[494, 3, 9]：:[[0, 977, 315, 49]]
[495]：:[[1801, 943]]
[495, 16]：:[[1801, 943, 123]]
[495, 266, 267]：:[[1801, 943, 123, 943]]
[496]：:[[64, 146]]
[496, 9]：:[[64, 146, 64]]
[496, 8, 251]：:[[64, 146, 244, 3296]]
[497]：:[[0, 2]]
[497, 251]：:[[0, 2, 334]]
[497, 253, 10]：:[[0, 2, 538, 18]]
[498]：:[[39, 376]]
[498, 57]：:[[39, 376, 30]]
[498, 308, 308]：:[[39, 376, 410, 376]]
[499]：:[[27, 62]]
[499, 15]：:[[27, 62, 46]]
[499, 254, 256]：:[[27, 62, 1615, 9]]
[501]：:[[7, 227]]
[501, 0]：:[[7, 227, 7]]
[501, 0, 5]：:[[7, 227, 7, 328]]
